    77649172276
    77649151828
    70350463970
    72449143233
    70349292802
    63849328007
    68949217887
    63849141633
    70349302051
    70349291223
    79953813656
    84949815121
    84954199528
    84944192447
    84953853408
    84962582467
    84955586078
    84942518953
    84930177364
    84954180391
    84954102722
    84856547423
    84860887127
    84866346273
    84866857889
    84860917200
    84869157252
    84859524744
    84858250994
    84868377302
    84864415363
    84871248787
    84655162190
